CAMADA: cam_saida 
Perceptron: 1
Erro: 0.012790143585632798

CAMADA: cam_escondida 
Perceptron: 1
Erro: 0.02541105468720283

