CAMADA: cam_saida 
Perceptron: 1
Erro: -0.1250000193561674

CAMADA: cam_escondida 
Perceptron: 1
Erro: -0.06714805069675624

