CAMADA: cam_saida 
Perceptron: 1
Erro: 0.0019488954201547861

CAMADA: cam_escondida 
Perceptron: 1
Erro: 0.005945887248700228

